1633.34 942.256 557.344 1 0 -0.22088 0.18927 0 0 0.00008 0.74806 0.02201 -0.66196 -0.04174 23.27032 126.53605 284.01065
1642.83 945.744 562.057 1 0 -0.22346 0.19973 0 0 -0.00059 0.98782 0.02737 -0.15259 -0.01314 -14.22129 136.98225 280.63349
1397.14 946.792 541.213 1 0 -0.2853 0.18205 0 0 -0.00041 0.58501 -0.06426 0.80829 -0.01707 5.55515 146.90324 259.9029
1394.5 946.166 562.502 1 0 -0.28702 0.18298 0 0 0 0.93201 0.33022 0.14697 0.02659 22.79854 114.69594 357.67218
1494.03 934.225 547.2 1 0 -0.26246 0.19585 0 0 -0.00022 0.9267 0.20756 -0.30025 -0.08942 2.69726 105.59949 330.22579
1648.02 935.546 565.17 1 0 -0.22012 0.2026 0 0 -0.00063 0.95592 -0.04669 0.28887 0.02417 -4.62504 140.79679 265.25979
1427.61 949.637 546.802 1 0 -0.27878 0.18373 0 0 -0.00031 0.92236 0.19368 0.32779 0.06548 6.46211 119.33702 327.74048
1397.39 948.986 555.982 1 0 -0.28164 0.16892 0 0 -0.00001 0.84462 0.39986 0.32398 0.14751 -24.67389 76.16539 377.65126
1572.75 942.748 560.347 1 0 -0.23839 0.18598 0 0 -0.00019 0.8713 0.08031 0.48275 0.0366 0.52579 102.40353 295.77376
1398.86 934.587 558.765 1 0 -0.29104 0.1954 0 0 -0.00045 0.94387 -0.03562 -0.32818 0.01184 7.83357 139.05274 260.49007
1400.52 939.607 572.609 1 0 -0.28659 0.18781 0 0 -0.00033 0.85533 0.07709 -0.5123 -0.00373 -17.69456 158.75886 289.30732
1407.65 947.973 562.365 1 0 -0.28411 0.18655 0 0 -0.00026 0.7351 0.10332 0.66805 0.05168 11.39963 132.49579 304.4531